1
2
4
8
15
28
52
96
177
326
600
1104
2031
3736
6872
12640
23249
42762
78652
144664
266079
489396
900140
1655616
3045153
5600910
10301680
18947744
34850335
64099760
117897840
216847936
398845537
733591314
349284781
481721626
564597715
395604116
441923451
402125276
239652837
83701558
725479672
48834061
858015292
632329019
539178366
29522664
201030043
769731074
283775
971044893
741059736
712388398
424493014
877941142
14822541
317256691
210020368
542099601
69376654
821496624
432972873
323846145
578315636
335134648
237296423
150746701
723177773
111220891
985145366
819544024
915910275
720599652
456053938
92563852
269217436
817835227
179616509
266669166
264120896
710406572
241196628
215724090
167327284
624248003
7299371
798874659
430422027
236596051
465892731
132910803
835399586
434203114
402513497
672116191
508832796
583462478
764411459
856706727
204580651
825698831
886986203
917265679
629950700
434202569
981418942
45572198
461193703
488184837
994950739
944329273
427464836
366744835
738538938
532748603
638032370
909319905
80100865
627453134
616873898
324427891
568754917
510056700
403239502
482051113
395347309
280637918
158036334
834021562
272695808
264753698
371471062
908920569
545145323
825536948
279602827
650285092
755424861
685312774
91022714
531760343
308095825
930878883
770735045
9709740
711323662
491768441
212801837
415893934
120464206
749159978
285518112
155142290
189820374
630480777
975443442
795744587
401668793
172856809
370270183
944795786
487922772
802988735
235707280
526618781
565314790
327640845
419574410
312530039
59745288
791849738
164125059
15720079
971694877
151540009
138954959
262189839
552684808
953829607
768704248
275218650
997752499
41675384
314646527
354074404
710396316
379117241
443587955
533101506
355806696
332496151
221404347
909707195
463607687
594719223
968034099
26360996
589114312
583509401
198984703
371608410
154102508
724695622
250406534
129204658
104306808
483918001
717429468
305654271
507001734
530085467
342741466
379828661
252655588
975225716
607709959
835591257
418526919
861828129
115946292
396301334
374075749
886323376
656700453
917099572
460123388
33923400
411146354
905193143
350262891
666602382
922058410
938923677
527584456
388566530
855074657
771225637
14866811
641167099
427259541
83293445
151720079
662273066
897286591
711279730
270839374
879405689
861524787
11769837
752700307
625994925
390465063
769160289
785620271
945245617
500026164
230892039
676163814
407082011
314137858
397383677
118603540
830125076
346112287
294840897
471078254
112031432
877950584
461060264
451042274
790053116
702155648
943251032
435459783
80866450
459577259
975903493
516347196
951827942
444078618
912253750
308160297
664492659
884906700
857559650
406958996
149425333
413943973
970328303
533697603
917969873
421995766
873663236
213628862
509287858
596579950
319496664
425364466
341441074
86302198
853107739
280851005
220260936
354219674
855331616
429812220
639363504
924507334
993683052
557553877
475744250
26981166
60279287
563004704
650265158
273549143
486818999
410633294
171001430
68453717
650088442
889543590
608085743
147717762
645347089
401150588
194215433
240713104
836079126
271007657
347799881
454886658
73694190
876380730
404961572
355036486
636378782
396376834
387792096
420547706
204716630
13056426
638320763
856093820
507471003
1885573
365450390
874806967
242142924
482400275
599350160
323893353
405643782
328887289
58424418
792955490
180267191
31647093
4869768
216784053
253300915
474954737
945039706
673295352
93289782
711624834
478209962
283124572
472959362
234293890
990377825
697631071
922302780
610311663
230245501
762859938
603417096
596522529
962799557
162739169
722061249
847599969
732400381
302061586
882061930
916523891
100647394
899233209
916404488
916285085
731922769
564612329
212820170
509355262
286787755
8963181
805106199
100857129
914926510
820889832
836673465
572489794
230053078
639216331
441759197
311028600
392004122
144791913
847824636
384620665
377237208
609682503
371540370
358460075
339682942
69683381
767826399
177192716
14702490
959721606
151616806
126040896
237379302
515037005
878457204
630873505
24367701
533698404
188939604
747005710
469643712
405589020
622238436
497471162
525298612
645008204
667777972
838084782
150870945
656733693
645689414
453294046
755717147
854700601
63711781
674129523
592541899
330383197
597054613
519979703
447417507
564451817
531849021
543718339
640019171
715586525
899324029
254929712
869840260
24093988
148863954
42798196
215756139
407418290
665972626
289147049
362537959
317657628
969342637
649538218
936538477
555419319
141496001
633453791
330369105
105318891
69141781
504829778
679290451
253262004
437382227
369934676
60578901
867895805
298409376
226884076
393189251
918482704
538556025
850227974
307266690
696050683
853545341
856862708
406458719
116866755
380188176
903513651
400568576
684270397
988352618
73191578
745814587
807358777
626364936
179538287
613261994
419165211
211965486
244392685
875523383
331881548
451797610
659202535
442881687
553881826
655966042
652729549
862577411
171272989
686579943
720430337
578283263
985293537
284007124
847583918
116884566
248475602
212944080
578304249
39723925
830972255
449000423
319696597
599669269
368366283
287732143
255767689
911866116
455365942
622999741
990231793
68597463
681828991
740658241
491084689
913571915
145314832
549971430
608858171
304144427
462974022
375976614
143095057
982045694
501117359
626258104
109421144
236796601
972475850
318693589
527966034
819135467
665795084
12896572
497827117
176518767
687242457
361588335
225349553
274180339
861118228
360648114
495946675
717713011
574307794
787967474
79988266
442263528
310219262
832471057
584953841
727644154
145069039
457667028
330380215
933116283
721163520
984660012
638939802
344763321
968363129
952066246
265192683
185622045
402880968
853695697
442198704
698775363
994669758
135643812
829088927
959402491
924135224
712626629
596164331
232926171
541717125
370807621
145450911
57975651
574234184
777660747
409870576
761765501
949296818
120932882
831995195
902224889
855152960
589373031
346750867
791276852
727400744
865428457
384106040
976935235
226469719
587510988
790915936
604896637
983323555
379136115
967356301
329815958
676308368
973480621
979604941
629393917
582479466
191478311
403351688
177309459
772139459
352800600
302249512
427189565
82239671
811678749
321107979
215026393
347813115
883947488
446786990
678547587
9282052
134616623
822446263
966344939
923407819
712199008
601951753
237558567
551709322
391219636
180487519
123416471
695123627
999027618
817567710
511718942
328314257
657600903
497634096
483549250
638784243
619967583
742301070
1052883
363321530
106675477
471049891
941046899
518772261
930869045
390688192
840329492
161886716
392904394
395120596
949911707
737936691
82968981
770817373
591723039
445509387
808049793
845282213
98841380
752173380
696296967
547311721
995782062
239390737
782484514
17657300
39532545
839674360
896864206
776071105
512609658
185544956
474225713
172380321
832150991
478757019
483288325
794196329
756241667
33726308
584164298
374132267
992022874
950319433
316474561
258816855
525610843
100902253
885329952
511843042
498075241
895248229
905166506
298489963
98904685
302561148
699955797
101421624
103938563
905315985
110676166
119930708
135922853
366529728
622383290
124835865
113748877
860968033
99552769
74269673
34790469
208612912
317673055
561076437
87362398
966111891
614550720
668025003
248687601
531263318
447975916
227926829
207166057
883068803
318161683
408396537
609627017
336185231
354208779
300021021
990415032
644644826
935080873
570140718
149866404
655087989
375095105
180049492
210232580
765377178
155659244
131268996
52305412
339233653
522808062
914347128
776388837
213544014
904279973
894212818
12036792
810529577
716779181
539345544
66654289
322779008
928778842
318212133
569769977
816760946
704743050
91273960
612777950
408794954
112846858
134419756
656061569
903328184
693809503
253199243
850336924
797345664
900881825
548564400
246791876
696238095
491594365
434624330
622456784
548675473
605756581
776888832
931320880
313966280
22175979
267463133
603605393
893244506
764313026
261162912
918720438
944196370
124079707
986996509
55272573
166348783
208617859
430239216
805205859
444062928
679507997
928776778
52347690
660632459
641756921
354737064
657126438
653620417
665483913
976230762
295335079
937049748
208615576
441000397
586665715
236281682
263947788
86895179
587124650
937967618
611987441
137079696
687034749
436101880
260216319
383352942
79671135
723240397
186264468
989176001
898680860
74121316
961978171
934780341
970879822
867638321
773298471
611816601
252753380
637868446
502438421
393060241
533367102
428865758
355293095
317525949
101684796
774503841
193714580
69903211
38121626
301739418
409764256
749625301
461128969
620518520
831272784
912920267
364711558
108904596
386536415
860152570
355593575
602282554
818028693
775904816
196216050
790149553
762270413
748636010
301055963
811962380
861654347
974672684
648289398
484616416
107578485
240484293
832679195
180741967
253905449
267326605
701974022
223206070
192506691
117686777
533399539
843593008
494679318
871671859
209944172
576295343
657911368
444150877
678357582
780419821
902928274
361705664
45053746
309687678
716447089
71188507
97323268
884958865
53470634
35752761
974182261
63405650
73340666
110928571
247674888
431944126
790547586
470166594
692658300
953372474
116197355
762228123
831797946
710223418
304249474
846270832
860743718
11264011
718278555
590286278
319828838
628393665
538508775
486731272
653633706
678873747
819238719
151746159
649858619
620843491
422448263
693150367
736442115
852040739
281633208
870116056
3789990
155539248
29445288
188774527
373759064
591978880
154512465
120250403
866741749
141504611
128496757
136743111
406744480
671984349
215471934
294200757
