1
2
4
7
13
24
44
81
149
274
504
927
1705
3136
5768
10609
19513
35890
66012
121415
223317
410744
755476
1389537
2555757
4700770
8646064
15902591
29249425
53798080
98950096
181997601
334745777
615693474
132436845
82876089
831006408
46319335
960201832
837527568
844048728
641778114
323354396
809181231
774313734
906849354
490344305
171507379
568701031
230552708
970761118
770014850
971328669
712104623
453448128
136881406
302434150
892763684
332079233
527277060
752119970
611476256
890873279
254469491
756819019
902161782
913450285
572431072
388043125
873924475
834398665
96366251
804689384
735454293
636509921
176653584
548617791
361781289
87052657
997451737
446285676
530790063
974527469
951603201
456920719
383051375
791575288
631547375
806174031
229296680
667018079
702488783
598803535
968310390
269602694
836716612
74629682
180948981
92295268
347873931
621118180
61287372
30279476
712685028
804251876
547216373
64153263
415621505
26991134
506765902
949378541
483135570
939280006
371794103
794209672
105283767
271287535
170780967
547352269
989420771
707554000
244327026
941301790
893182809
78811611
913296203
885290616
877398423
675985228
438674253
992057897
106717364
537449507
636224761
280391625
454065886
370682265
105139769
929887920
405709947
440737629
776335489
622783058
839856169
238974702
701613922
780444786
721033403
203092097
704570279
628695772
536358141
869624185
34678084
440660403
344962665
820301152
605924213
771188023
197413374
574525603
543126993
315065963
432718552
290911501
38696009
762326062
91933565
892955636
747215256
732104450
372275328
851595027
955974798
179845139
987414957
123234880
290494969
401144799
814874648
506514409
722533849
43922892
272971143
39427877
356321912
668720932
64470714
89513551
822705197
976689462
888908203
688302848
553900499
131111536
373314876
58326904
562753316
994395096
615475309
172623707
782494105
570593114
525710919
878798131
975102157
379611193
233511467
588224810
201347463
23083733
812656006
37087195
872826934
722570128
632484250
227881298
582935669
443301210
254118170
280355042
977774422
512247627
770377084
260399119
543023823
573800019
377222954
494046789
445069755
316339491
255456028
16865267
588660786
860982081
466508127
916150987
243641181
626300288
786092449
656033911
68426634
510552987
235013525
813993146
559559651
608566315
982119105
150245057
740930470
873294625
764470145
378695226
16459982
159625346
554780554
730865882
445271775
730918204
907055854
83245819
721219870
711521536
515987218
948728617
176237357
640953185
765919152
583109687
989982017
339010842
912102539
241095384
492208758
645406674
378710809
516326234
540443710
435480746
492250683
468175132
395906554
356332362
220414041
972652957
549399353
742466344
264518640
556384330
563369307
384272270
504025900
451667470
339965633
295658996
87292092
722916721
105867802
916076615
744861131
766805541
427743273
939409938
133958738
501111942
574480611
209551284
285143830
69175718
563870832
918190380
551236923
33298121
502725417
87260454
623283992
213269856
923814302
760368143
897452294
581634725
239455148
718542160
539632026
497629327
755803506
793064852
46497671
595366022
434928538
76792224
107086777
618807539
802686540
528580849
950074921
281342296
759998059
991415269
32755610
784168931
808339803
625264337
217773057
651377190
494414577
363564817
509356577
367335964
240257351
116949885
724543200
81750429
923243514
729537136
734531072
387311708
851379909
973222682
211914285
36516862
221653822
470084969
728255653
419994437
618335052
766585135
804914617
189834790
761334535
756083935
707253253
224671709
688008890
619933845
532614437
840557165
993105440
366277028
199939619
559322080
125538720
884800419
569661212
580000344
34461961
184123510
798585815
17171279
999880604
815637691
832689567
648207848
296535092
777432500
722175433
796143018
295750937
814069381
905963329
15783633
735816336
657563291
409163253
802542873
869269410
80975522
752787798
703032723
536796036
992616550
232445295
761857874
986919712
981222874
730000446
698143018
409366324
837509781
945019116
191895207
974424097
111338406
277657703
363420199
752416308
393494203
509330703
655241207
558066106
722638009
935945315
216649416
875232733
27827450
119709592
22769768
170306810
312786170
505862748
988955728
807604639
302423101
98983454
209011187
610417742
918412383
737841305
266671416
922925097
927437811
117034310
967397211
11869318
96300832
75567354
183737504
355605690
614910548
154253735
124769966
893934249
172957943
191662151
258554336
623174430
73390910
955119676
651685009
680195588
287000259
618880849
586076689
491957790
696915321
774949793
963822897
435687997
174460673
573971560
184120223
932552456
690644232
807316904
430513578
928474707
166305175
525293453
620073328
311671949
457038723
388783993
157494658
3317367
549596018
710408043
263321421
523325475
497054932
283701821
304082221
84838967
672623009
61544190
819006166
553173358
433723707
805903224
792800282
32427199
631130698
456358172
119916062
207404925
783679159
111000139
102084216
996763514
209847862
308695585
515306954
33850394
857852933
407010274
298713594
563576794
269300655
131591036
964468485
365360169
461419683
791248330
618028175
870696181
279972672
768697021
919365867
968035553
656098427
543499833
167633799
367232052
78365677
613231528
58829250
750426455
422487226
231742924
404656598
58886741
695286263
158829595
913002599
767118450
838950637
519071672
125140745
483163047
127375457
735679249
346217746
209272445
291169433
846659624
347101495
484930545
678691657
510723690
674345885
863761225
48830786
586937889
499529893
135298561
221766336
856594790
213659680
292020799
362275262
867955741
522251795
752482791
142690313
417424892
312597989
872713194
602736068
788047244
263496492
654279797
705823526
623599808
983703124
313126444
920429369
217258923
450814729
588503014
256576659
295894395
140974061
693445115
130313564
964732740
788491412
883537709
636761847
308790954
829090503
774643297
912524747
516258533
203426563
632209836
351894925
187531317
171636071
711062313
70229694
952928078
734220078
757377843
444525985
936123899
138027713
518677590
592829195
249534491
361041269
203404948
813980708
378426918
395812567
588220186
362459664
346492410
297172253
6124320
649788983
953085556
608998852
211873377
773957778
594830000
580661148
949448919
124940053
655050113
729439078
509429237
893918421
132786722
536134373
562839509
231760597
330734472
125334571
687829640
143898676
957062887
788791196
889752752
635606821
314150755
839510321
789267890
942928959
571707156
303903991
818540099
694151239
816595322
329286646
840033200
985915161
155234993
981183347
122333487
258751820
362268647
743353954
364374414
469997008
577725369
412096784
459819154
449641300
321557231
231017678
2216202
554791111
788024991
345032297
687848392
820905673
853786355
362540406
37232420
253559174
653332000
944123594
851014761
448470341
243608682
543093777
235172793
21875245
800141815
57189846
879206906
736538560
672935305
288680757
698154615
659770670
646606035
4531306
310908004
962045345
277484648
550437990
789967976
617890607
958296566
366155135
942342301
266793988
575291417
784427699
626513097
986232206
397172988
9918277
393323464
800414729
203656463
397394649
401465834
2516939
801377422
205360188
9254542
15992145
230606875
255853562
502452582
988913019
747219156
238584743
974716911
960520803
173822443
109060143
243403382
526285968
878749493
648438836
53474283
580662605
282575717
916712605
779950920
979239235
675902746
435092887
90234854
201230480
726558221
18023548
945812249
690394011
654229801
290436047
635059852
579725693
505221585
720007123
804954394
30183088
555144598
390282073
975609759
921036423
286928241
183574409
391539066
862041716
437155184
690735959
989932852
117823981
798492785
906249611
822566370
527308752
256124719
605999834
389433298
251557844
246990969
887982111
386530917
521503990
796017011
704051911
21572898
521641813
247266615
790481326
559389747
597137681
947008747
103536161
647682582
698227483
449446219
795356277
943029972
187832454
926218696
57081108
171132251
154432048
382645407
708209706
245287154
336142260
289639113
871068527
496849893
657557526
25475932
179883344
862916802
68276071
111076210
42269076
221621357
374966643
638857076
235445069
249268781
123570919
608284769
981124469
712980150
302389374
996493986
11863496
310746849
319104324
641714669
271565835
232384821
145665318
649615974
27666106
822947398
500229471
350842968
674019830
525092262
549955053
749067138
824114446
123136623
696318200
643569262
463024078
802911533
909504866
175440463
887856855
972802177
36099481
896758506
905660157
838518137
640936786
385115066
864569982
890621827
140306861
895498663
926427344
962232861
784158854
672819045
419210746
876188638
968218422
263617792
108024838
339861045
711503675
159389551
210754264
81647483
451791298
744193045
277631819
473616155
495441012
246688979
215746139
957876130
420311241
593933503
972120867
986365604
552419960
510906417
49691967
113018337
673616721
836327025
622962076
132905808
592194902
348062779
73163482
13421156
434647417
521232055
969300628
925180093
415712762
310193469
651086317
376992541
338272320
366351171
81616025
786239516
234206705
102062239
122508453
458777397
683348089
264633932
406759411
354741425
26134761
787635597
168511776
982282134
938429500
89223396
9935016
37587905
136746317
184269238
358603460
679619015
222491706
260714174
162824888
646030768
69569823
878425479
594026063
542021358
14472886
150520300
707014544
872007730
729542567
308564827
910115117
948222504
166902434
25240041
140364972
332507447
498112460
970984879
801604779
270702104
43291748
115598624
429592476
588482848
133673941
151749258
873906047
159329239
184984537
218219816
562533592
965737945
746491346
274762869
986992153
8246354
270001369
265239869
543487592
78728823
887456284
